2 2 2 2 9 9 8 8 8 10 10 9 8 9 8 8 8 8 9 9 9 9 10 10 8 9 2 2 2 2
2 2 2 2 0 0 0 0 0 0  0  0 0 0 0 0 0 0 0 0 0 0 0  0  0 0 2 2 2 2
2 2 8 8 0 0 0 0 0 0  0  0 0 0 0 0 0 0 0 0 0 0 0  0  0 0 8 8 2 2
2 8 0 0 0 0 0 0 0 0  0  0 0 0 0 0 0 0 0 0 0 0 0  0  0 0 0 0 8 2
2 0 0 0 0 0 0 0 0 0  0  0 0 0 0 0 0 0 0 0 0 0 0  0  0 0 0 0 0 2
2 0 0 0 0 0 0 0 0 0  0  1 1 1 1 1 1 1 1 0 0 0 0  0  0 0 0 0 0 2
2 1 1 1 1 0 0 0 0 0  1  2 2 2 2 2 2 2 2 1 0 0 0  0  0 1 1 1 1 2
2 2 0 0 0 0 0 0 0 0  0  8 8 0 0 0 0 0 0 0 0 0 0  0  0 0 0 0 2 2
2 0 0 0 0 0 0 0 0 0  0  0 0 0 0 0 0 0 0 0 0 0 0  0  0 0 0 0 0 2
2 0 0 0 0 0 0 1 1 1  1  1 1 1 1 1 1 1 1 1 1 1 1  0  0 0 0 0 0 2
2 0 0 0 0 0 0 0 0 0  0  0 0 0 0 0 8 9 9 8 0 0 0  0  0 0 0 0 0 2
2 0 0 0 0 0 0 0 0 0  0  0 0 0 0 0 0 0 0 0 0 0 0  0  0 0 0 0 0 2
2 1 1 1 1 1 1 1 1 1  1  1 1 1 1 1 1 1 1 1 1 1 1  1  1 1 1 1 1 2
2 2 2 2 2 2 2 2 2 2  2  2 2 2 2 2 2 2 2 2 2 2 2  2  2 2 2 2 2 2
2 0 0 0 0 0 0 0 0 0  0  0 0 0 0 0 0 0 0 0 0 0 0  0  0 0 0 0 0 2